%YAML:1.0
fx: 615.4
fy: 614.18
cx: 326.27
cy: 237.21
