%YAML:1.0
---
points_3d: !!opencv-matrix
   rows: 98
   cols: 1
   dt: "3f"
   data: [ 1.07174587e+00, 4.43099594e+00, 1., 8.98701668e-01,
       4.11836243e+00, 9.99998093e-01, 1.44285870e+00, 4.12685585e+00,
       1., 1.30399895e+00, 4.02214813e+00, 1.00000191e+00,
       2.47788429e-01, 3.80222130e+00, 1., 1.43121815e+00,
       2.72637367e+00, 1.00000191e+00, 1.77051735e+00, 2.34433937e+00,
       9.99998093e-01, 2.78489208e+00, 2.16623878e+00, 1.,
       4.81324196e-01, 1.94720268e+00, 1.00000191e+00, 2.86140442e+00,
       1.97721291e+00, 9.99998093e-01, 2.37657166e+00, 1.87668991e+00,
       1., 8.54038239e-01, 1.76383400e+00, 1.00000191e+00,
       6.75200462e-01, 1.38976288e+00, 1., 1.93684387e+00,
       1.40468597e+00, 1., 1.14090729e+00, 1.11979103e+00, 1.,
       1.39202118e+00, 9.40637589e-01, 1., 1.65885639e+00,
       8.53075027e-01, 9.99998093e-01, 2.98414898e+00, 6.87303543e-01,
       1., 1.42064571e-01, 5.67184448e-01, 1.00000191e+00,
       2.39857674e-01, 4.79173660e-01, 1., 2.94209957e+00,
       2.41495132e-01, 1., 2.78924847e+00, 0., 1.90895081e-01,
       1.56805992e-01, 0., 2.59552002e-02, 8.55667114e-01,
       4.07664490e+00, 1.00000191e+00, 1.34155369e+00, 3.96139336e+00,
       1.00000191e+00, 2.38925934e-01, 3.82237244e+00, 1.00000191e+00,
       8.15171242e-01, 3.83114052e+00, 1.00000191e+00, 1.39361095e+00,
       2.64809418e+00, 1.00000191e+00, 1.75156689e+00, 2.30574226e+00,
       1.00000191e+00, 5.04470825e-01, 1.94749260e+00, 1.00000191e+00,
       2.36113739e+00, 1.85765839e+00, 9.99998093e-01, 2.98842144e+00,
       1.86546707e+00, 1., 1.10822201e+00, 1.06469154e+00,
       9.99998093e-01, 9.52207565e-01, 9.53845978e-01, 9.99998093e-01,
       2.95456219e+00, 7.58996964e-01, 1., 2.94841766e+00,
       1.18297577e-01, 9.99998093e-01, 8.55667114e-01, 4.07664490e+00,
       1.00000191e+00, 1.63880730e+00, 4.08882904e+00, 1.00000191e+00,
       2.25133419e-01, 3.91975784e+00, 1.00000191e+00, 1.40478230e+00,
       2.78839493e+00, 1.00000191e+00, 5.72391510e-01, 2.35926628e+00,
       1., 1.75057602e+00, 2.37479401e+00, 1., 2.98354626e+00,
       1.84279823e+00, 9.99998093e-01, 1.90212059e+00, 1.42647362e+00,
       9.99998093e-01, 2.93964005e+00, 1.39297485e-01, 9.99998093e-01,
       8.20908546e-02, 1.90734863e-06, 1.62784576e-01, 2.60528851e+00,
       0., 1.80814743e-01, 9.20290947e-01, 4.04813766e+00,
       1.00000191e+00, 1.30675793e+00, 3.87767601e+00, 1.,
       1.29984188e+00, 2.67478752e+00, 1., 1.74535847e+00,
       2.34708023e+00, 9.99998093e-01, 4.06673431e-01, 2.16453171e+00,
       1.00000381e+00, 2.25342655e+00, 1.86083412e+00, 1.,
       2.95591450e+00, 1.86958694e+00, 9.99998093e-01, 2.84836960e+00,
       9.09732819e-01, 1., 2.84680653e+00, 1.90734863e-06,
       9.89461899e-01, 8.79201889e-02, 0., 2.25694656e-01,
       2.62415218e+00, 0., 2.43976593e-01, 9.47067261e-01,
       4.08397484e+00, 1., 1.41080093e+00, 3.87926292e+00,
       1.00000191e+00, 2.73796463e+00, 2.45993042e+00, 1.,
       3.97279739e-01, 2.23026466e+00, 1., 2.29280186e+00,
       2.05735207e+00, 1., 9.32451248e-01, 1.84437943e+00, 1.,
       1.93696690e+00, 1.46955490e+00, 1., 2.92388535e+00, 0.,
       9.90077972e-01, 4.76837158e-07, 9.82265472e-01, 2.07386017e-02,
       1.15690708e-01, 0., 5.25388718e-01, 1.65764809e-01, 0.,
       2.26253510e-01, 2.89280891e+00, 1.90734863e-06, 9.43260193e-02,
       1.34437370e+00, 4.64923668e+00, 1.00000191e+00, 9.54181671e-01,
       4.12664986e+00, 1., 1.36085892e+00, 3.87849808e+00,
       1.00000191e+00, 1.61483765e+00, 3.63024139e+00, 1.,
       3.74631882e-01, 2.38870621e+00, 1.00000191e+00, 2.70528984e+00,
       2.41952705e+00, 1., 8.74032021e-01, 1.92172432e+00, 1.,
       2.17275429e+00, 1.93804359e+00, 1., 2.89629459e+00,
       1.94713211e+00, 1., 1.79386520e+00, 1.46784592e+00, 1.,
       2.91413403e+00, 0., 9.31325912e-01, 6.43377304e-02,
       1.90734863e-06, 5.54740906e-01, 2.83566284e+00, 0.,
       3.30276489e-02, 9.45647240e-01, 4.07544327e+00, 1.00000191e+00,
       4.76837158e-07, 4.46253204e+00, 5.00976562e-01, 3.47268105e-01,
       2.58014297e+00, 1., 2.62790966e+00, 2.61090851e+00,
       9.99998093e-01, 2.16252232e+00, 2.03209305e+00, 1.,
       1.53641605e+00, 1.46477890e+00, 1., 2.95588207e+00,
       1.33384705e-01, 9.99998093e-01, 1.93746567e-01, 1.90734863e-06,
       4.48453903e-01, 2.80736256e+00, 0., 3.28292847e-02,
       1.45443726e+00, 4.51575279e+00, 1.00000191e+00, 2.25778008e+00,
       4.15726089e+00, 1.00000191e+00, 4.49731827e-01, 2.35150909e+00,
       1., 0., 1.18954086e+00, 8.31146240e-02, 3.46390724e-01, 0.,
       5.35451889e-01, 2.87528896e+00, 1.90734863e-06, 3.33042145e-02 ]
points_2d: !!opencv-matrix
   rows: 98
   cols: 1
   dt: "2f"
   data: [ 449., 119., 447., 122., 456., 122., 454., 123., 437., 125.,
       460., 136., 467., 140., 485., 142., 446., 144., 487., 144., 479.,
       145., 453., 146., 451., 150., 473., 150., 460., 153., 465., 155.,
       470., 156., 494., 158., 444., 159., 446., 160., 495., 163., 490.,
       177., 443., 179., 4.46400024e+02, 1.22400002e+02, 4.54800018e+02,
       1.23600006e+02, 4.36800018e+02, 1.24800003e+02, 4.46400024e+02,
       1.24800003e+02, 4.59600006e+02, 1.36800003e+02, 4.66800018e+02,
       1.40400009e+02, 4.46400024e+02, 144., 4.78800018e+02,
       1.45200012e+02, 4.89600006e+02, 1.45200012e+02, 4.59600006e+02,
       1.53600006e+02, 4.57200012e+02, 1.54800003e+02, 4.93200012e+02,
       1.57200012e+02, 4.95600006e+02, 1.64400009e+02, 4.46400024e+02,
       1.22400002e+02, 4.59360016e+02, 1.22400002e+02, 4.36320007e+02,
       1.23840004e+02, 4.59360016e+02, 1.35360001e+02, 4.46400024e+02,
       1.39680008e+02, 4.66560028e+02, 1.39680008e+02, 4.89600006e+02,
       1.45440002e+02, 4.72320007e+02, 1.49760010e+02, 4.95360016e+02,
       1.64160004e+02, 4.42080017e+02, 1.77120010e+02, 4.86720032e+02,
       1.77120010e+02, 4.47552032e+02, 1.22688011e+02, 4.54464050e+02,
       1.24416016e+02, 4.57920044e+02, 1.36512009e+02, 4.66560059e+02,
       1.39968018e+02, 4.44096039e+02, 1.41696014e+02, 4.76928040e+02,
       1.45152008e+02, 4.89024048e+02, 1.45152008e+02, 4.90752045e+02,
       1.55520020e+02, 4.94208038e+02, 1.65888016e+02, 4.42368042e+02,
       1.76256012e+02, 4.87296051e+02, 1.76256012e+02, 4.47897675e+02,
       1.22342415e+02, 4.56192078e+02, 1.24416016e+02, 4.83148865e+02,
       1.38931213e+02, 4.43750458e+02, 1.41004822e+02, 4.76928070e+02,
       1.43078415e+02, 4.54118469e+02, 1.45152023e+02, 4.72780853e+02,
       1.49299225e+02, 4.95590485e+02, 1.65888031e+02, 4.37529663e+02,
       1.67961624e+02, 4.43750458e+02, 1.72108826e+02, 4.43750458e+02,
       1.76256027e+02, 4.91443268e+02, 1.78329620e+02, 4.52874359e+02,
       1.16951065e+02, 4.47897705e+02, 1.21927711e+02, 4.55362671e+02,
       1.24416031e+02, 4.60339294e+02, 1.26904350e+02, 4.42921051e+02,
       1.39345947e+02, 4.82734192e+02, 1.39345947e+02, 4.52874359e+02,
       1.44322601e+02, 4.75269226e+02, 1.44322601e+02, 4.87710846e+02,
       1.44322601e+02, 4.70292603e+02, 1.49299240e+02, 4.95175812e+02,
       1.66717484e+02, 4.42921051e+02, 1.71694122e+02, 4.90199158e+02,
       1.79159088e+02, 4.47897705e+02, 1.22425377e+02, 4.29981812e+02,
       1.25411362e+02, 4.41925751e+02, 1.37355301e+02, 4.80743561e+02,
       1.37355301e+02, 4.74771576e+02, 1.43327271e+02, 4.65813629e+02,
       1.49299240e+02, 4.95673462e+02, 1.64229156e+02, 4.44911743e+02,
       1.73187119e+02, 4.89701508e+02, 1.79159088e+02, 4.55064087e+02,
       1.18245003e+02, 4.69396820e+02, 1.21828186e+02, 4.44314545e+02,
       1.39744095e+02, 4.37148193e+02, 1.64826370e+02, 4.47897736e+02,
       1.71992737e+02, 4.90895905e+02, 1.79159088e+02 ]
