%YAML:1.0
---
handToEyeTF: !!opencv-matrix
   rows: 1
   cols: 7
   dt: d
   data: [ 3.0159063138722797e-01, 7.1632564016390093e-02,
       1.4112435879246668e-01, -6.2793492911197457e-01,
       -2.6841288697926985e-01, 7.1438479551370815e-01,
       1.5266502822660627e-01 ]
handToEyeTransform: !!opencv-matrix
   rows: 4
   cols: 4
   dt: d
   data: [ 0.0, 1.0, 0.0, 0.0,
          -1.0, 0.0, 0.0, -.04,
          0.0, 0.0, 1.0, 0.06,
          0, 0, 0, 1]
initial_cost: 5.7373151662955006e+00
final_cost: 6.5754940293961195e-01
change_cost: 5.0797657633558888e+00
termination_type: 0
num_successful_iteration: 22
num_unsuccessful_iteration: 11
num_iteration: 33
