%YAML:1.0
---
points_3d: !!opencv-matrix
   rows: 66
   cols: 1
   dt: "3f"
   data: [ 8.75167847e-02, 9.91047764e+00, 4.95524025e+00,
       1.81312561e-02, 9.60683823e+00, 4.89407158e+00, 1.81312561e-02,
       9.60683823e+00, 4.89407158e+00, 2.29531288e-01, 9.84208775e+00,
       3.93129730e+00, 5.70719719e-01, 9.55896759e+00, 4.77948380e+00,
       5.70719719e-01, 9.55896759e+00, 4.77948380e+00, 8.49520683e-01,
       9.62818718e+00, 4.81409264e+00, 3.16189766e-01, 9.34620571e+00,
       4.67310715e+00, 4.20169830e-02, 9.14017773e+00, 4.78016472e+00,
       8.44538689e-01, 9.31712818e+00, 4.65856552e+00, 7.35473633e-03,
       8.88847542e+00, 4.48101234e+00, 6.04048729e-01, 9.00537014e+00,
       4.50268555e+00, 3.86909485e-01, 8.90314388e+00, 4.45157623e+00,
       2.74629593e-02, 8.65278530e+00, 4.46369553e+00, 7.03466415e-01,
       8.55662632e+00, 4.27831650e+00, 7.03466415e-01, 8.55662632e+00,
       4.27831650e+00, 8.44026566e-01, 8.44026947e+00, 4.66549683e+00,
       7.83548355e-01, 8.14651680e+00, 4.07325935e+00, 7.83548355e-01,
       8.14651680e+00, 4.07325935e+00, 7.90612221e-01, 7.90611029e+00,
       4.75137711e+00, 7.81539917e-01, 7.81539106e+00, 4.15130615e+00,
       7.25947380e-01, 7.25948095e+00, 4.27330208e+00, 7.14505196e-01,
       7.14505148e+00, 4.27514076e+00, 7.14505196e-01, 7.14505148e+00,
       4.27514076e+00, 6.85097694e-01, 6.85097790e+00, 4.99396133e+00,
       3.71695518e-01, 6.26697969e+00, 4.99196434e+00, 1.25975609e-01,
       6.01368761e+00, 3.63671494e+00, 4.20073509e-01, 5.73487473e+00,
       4.96780586e+00, 4.20073509e-01, 5.73487473e+00, 4.96780586e+00,
       1.32726669e-01, 5.72459173e+00, 3.52591324e+00, 4.45558548e-01,
       5.45117331e+00, 4.95337677e+00, 4.45558548e-01, 5.45117331e+00,
       4.95337677e+00, 1.44653320e-01, 5.48852587e+00, 3.46751785e+00,
       3.84511948e-02, 4.97063446e+00, 2.67756653e+00, 4.78643417e-01,
       4.82191801e+00, 4.80416679e+00, 4.78643417e-01, 4.82191801e+00,
       4.80416679e+00, 4.91289139e-01, 4.57726955e+00, 4.74507332e+00,
       2.14700699e-01, 4.41270494e+00, 3.27985001e+00, 5.07532120e-01,
       4.32126045e+00, 4.69828796e+00, 5.07532120e-01, 4.32126045e+00,
       4.69828796e+00, 4.95725632e-01, 3.97873998e+00, 4.46799088e+00,
       4.95725632e-01, 3.97873998e+00, 4.46799088e+00, 4.69811440e-01,
       3.96682286e+00, 4.33246613e+00, 4.69811440e-01, 3.96682286e+00,
       4.33246613e+00, 3.37859154e-01, 3.49756742e+00, 3.43807220e+00,
       3.42431068e-01, 3.25712943e+00, 3.34072113e+00, 3.72547150e-01,
       2.81209421e+00, 3.26877594e+00, 8.41512680e-02, 2.56645989e+00,
       4.20753479e-01, 3.91363144e-01, 2.50212550e+00, 3.20786667e+00,
       4.52748299e-01, 2.51037240e+00, 3.51891708e+00, 7.37916946e-01,
       2.18300557e+00, 4.78108788e+00, 4.73225594e-01, 2.10919595e+00,
       3.42071533e+00, 4.92973328e-01, 1.86307597e+00, 3.39639282e+00,
       4.29954529e-01, 1.81921196e+00, 3.05937576e+00, 3.38452339e-01,
       1.41992426e+00, 2.40222168e+00, 5.19704819e-01, 1.32768941e+00,
       3.26236725e+00, 4.74260330e-01, 1.11404300e+00, 2.92831421e+00,
       8.77612114e-01, 1.15913534e+00, 4.96762848e+00, 8.77612114e-01,
       1.15913534e+00, 4.96762848e+00, 5.37771225e-01, 1.01754761e+00,
       3.19762039e+00, 5.09333611e-01, 6.27899945e-01, 2.86061478e+00,
       4.60975647e-01, 5.44498146e-01, 2.57711792e+00, 9.30910110e-01,
       5.06874979e-01, 4.90797997e+00, 2.60238647e-02, 4.02331352e-02,
       1.50234222e-01, 5.98449707e-01, 2.48085856e-01, 3.11629105e+00,
       4.36338425e-01, 8.62015486e-02, 2.22478104e+00 ]
points_2d: !!opencv-matrix
   rows: 66
   cols: 1
   dt: "2f"
   data: [ 2.77592285e+02, 1.69720688e+02, 2.82535645e+02,
       1.72287857e+02, 2.82535645e+02, 1.72287857e+02, 2.83130798e+02,
       1.75045898e+02, 2.86494354e+02, 1.64528366e+02, 2.86494354e+02,
       1.64528366e+02, 2.86603882e+02, 1.59655914e+02, 2.89140900e+02,
       1.70032303e+02, 2.90861298e+02, 1.74299271e+02, 2.92267212e+02,
       1.61913300e+02, 2.95888306e+02, 1.77833328e+02, 2.96776947e+02,
       1.67861679e+02, 2.97584869e+02, 1.71989182e+02, 2.99976044e+02,
       1.78429993e+02, 3.05391113e+02, 1.69406998e+02, 3.05391113e+02,
       1.69406998e+02, 3.06863373e+02, 1.64739700e+02, 3.13151611e+02,
       1.70976624e+02, 3.13151611e+02, 1.70976624e+02, 3.15358612e+02,
       1.66714340e+02, 3.18437714e+02, 1.71538071e+02, 3.27189178e+02,
       1.73381668e+02, 3.29060303e+02, 1.73931351e+02, 3.29060303e+02,
       1.73931351e+02, 3.32273254e+02, 1.70144028e+02, 3.40932404e+02,
       1.77242325e+02, 3.46805695e+02, 1.91502029e+02, 3.50492828e+02,
       1.78469513e+02, 3.50492828e+02, 1.78469513e+02, 3.51911011e+02,
       1.93120178e+02, 3.55608704e+02, 1.79142349e+02, 3.55608704e+02,
       1.79142349e+02, 3.56046906e+02, 1.94125854e+02, 3.65432343e+02,
       2.02637772e+02, 3.67051697e+02, 1.81868591e+02, 3.67051697e+02,
       1.81868591e+02, 3.71497681e+02, 1.82939026e+02, 3.74849609e+02,
       1.97946014e+02, 3.76144562e+02, 1.83902222e+02, 3.76144562e+02,
       1.83902222e+02, 3.82373444e+02, 1.86921539e+02, 3.82373444e+02,
       1.86921539e+02, 3.82595734e+02, 1.88331039e+02, 3.82595734e+02,
       1.88331039e+02, 3.90919525e+02, 1.98128754e+02, 3.95151093e+02,
       1.99528885e+02, 4.03006897e+02, 2.01068573e+02, 4.06790253e+02,
       2.23296722e+02, 4.08476440e+02, 2.02245911e+02, 4.08519836e+02,
       1.99210602e+02, 4.15393555e+02, 1.87069305e+02, 4.15640625e+02,
       2.00935120e+02, 4.20039001e+02, 2.01643356e+02, 4.20516174e+02,
       2.04977051e+02, 4.26937561e+02, 2.11923630e+02, 4.29533325e+02,
       2.03972504e+02, 4.32970154e+02, 2.07584549e+02, 4.34771881e+02,
       1.87071243e+02, 4.34771881e+02, 1.87071243e+02, 4.35044525e+02,
       2.05196274e+02, 4.41593750e+02, 2.09168961e+02, 4.42671661e+02,
       2.11994644e+02, 4.47031830e+02, 1.88961899e+02, 4.47794312e+02,
       2.34300674e+02, 4.48847107e+02, 2.07473373e+02, 4.50279358e+02,
       2.16145599e+02 ]
